1	20 61 
2	30 51 
3	27 68 
4	40 70 
5	13 16 
6	1 57 
7	34 39 
8	43 46 
9	48 51 
10	18 30 
11	18 50 
12	2 63 
13	58 78 
14	23 27 
15	28 69 
16	69 81 
17	53 58 
18	61 70 
19	4 8 
20	56 71 
21	24 82 
22	5 39 
23	42 81 
24	7 12 
25	5 56 
26	23 46 
27	65 78 
28	4 77 
29	41 50 
30	41 68 
31	45 69 
32	50 54 
33	20 44 
34	65 83 
35	19 20 
36	7 48 
37	52 62 
38	18 28 
39	38 50 
40	53 62 
41	42 66 
42	19 29 
43	30 32 
44	11 63 
45	57 76 
46	30 53 
47	6 82 
48	23 57 
49	10 54 
50	28 30 
51	40 52 
52	23 42 
53	66 77 
54	62 69 
55	30 66 
56	46 68 
57	57 68 
58	18 19 
59	66 73 
60	45 66 
61	43 54 
62	23 43 
63	4 46 
64	57 76 
65	63 82 
66	21 45 
67	69 70 
68	7 27 
69	55 61 
70	12 34 
71	6 58 
72	1 75 
73	22 39 
74	40 82 
75	3 81 
76	1 64 
77	6 55 
78	57 72 
79	41 56 
80	30 65 
81	8 70 
82	65 81 
83	3 64 
84	28 52 
85	29 54 
86	28 56 
87	30 63 
88	2 54 
89	18 76 
90	51 82 
91	16 30 
92	24 57 
93	47 82 
94	54 65 
95	61 66 
96	17 61 
97	45 82 
98	7 76 
99	10 18 
100	10 74 
101	61 66 
102	15 76 
103	68 82 
104	6 16 
105	13 54 
106	45 60 
107	9 80 
108	30 51 
109	24 62 
110	11 41 
111	18 72 
112	46 83 
113	22 46 
114	35 63 
115	6 71 
116	46 62 
117	15 48 
118	40 47 
119	11 18 
120	42 76 
121	34 42 
122	58 83 
123	62 81 
124	54 63 
125	52 66 
126	18 66 
127	47 63 
128	56 83 
129	29 74 
130	6 28 
131	15 26 
132	43 69 
133	23 45 
134	23 24 
135	80 81 
136	61 77 
137	28 83 
138	34 59 
139	18 56 
140	54 62 
141	23 40 
142	66 77 
143	4 72 
144	1 41 
145	12 20 
146	33 74 
147	18 66 
148	30 58 
149	23 34 
150	17 36 
151	61 67 
152	50 81 
153	18 43 
154	46 48 
155	16 76 
156	19 48 
157	16 47 
158	8 15 
159	32 42 
160	23 42 
161	57 80 
162	36 78 
163	79 81 
164	35 76 
165	26 50 
166	6 52 
167	10 50 
168	34 45 
169	60 67 
170	48 54 
171	65 68 
172	33 82 
173	41 66 
174	44 78 
175	28 34 
176	23 31 
177	43 74 
178	40 58 
179	38 63 
180	2 61 
181	26 66 
182	6 50 
183	2 60 
184	11 58 
185	4 31 
186	32 73 
187	9 65 
188	23 81 
189	7 82 
190	7 73 
191	38 81 
192	22 38 
193	3 17 
194	34 74 
195	64 68 
196	18 42 
197	4 57 
198	57 65 
199	53 76 
200	9 65 
201	24 68 
202	3 20 
203	23 57 
204	7 39 
205	37 65 
206	36 71 
207	23 80 
208	47 67 
209	6 60 
210	25 40 
211	12 71 
212	26 64 
213	18 80 
214	45 77 
215	35 65 
216	76 83 
217	39 80 
218	11 58 
219	46 75 
220	54 72 
221	23 61 
222	9 50 
223	21 65 
224	35 36 
225	23 26 
226	7 62 
227	63 76 
228	68 81 
229	28 43 
230	16 72 
231	62 76 
232	11 66 
233	20 82 
234	7 18 
235	54 74 
236	18 61 
237	18 63 
238	63 83 
239	23 71 
240	44 72 
241	14 68 
242	30 83 
243	56 68 
244	12 66 
245	30 59 
246	28 72 
247	57 74 
248	32 34 
249	22 73 
250	27 39 
251	33 81 
252	57 71 
253	1 57 
254	49 59 
255	10 81 
256	9 23 
257	76 82 
258	52 62 
259	56 57 
260	45 63 
261	34 55 
262	41 66 
263	38 62 
264	23 66 
265	43 58 
266	52 66 
267	28 73 
268	60 73 
269	65 77 
270	60 78 
271	33 72 
272	9 34 
273	12 63 
274	13 31 
275	35 83 
276	23 63 
277	21 45 
278	13 79 
279	43 62 
280	43 68 
281	10 61 
282	23 63 
283	18 54 
284	45 47 
285	53 54 
286	65 68 
287	34 41 
288	15 47 
289	28 61 
290	50 65 
291	12 61 
292	9 55 
293	46 73 
294	45 78 
295	39 69 
296	38 81 
297	12 66 
298	14 68 
299	30 52 
300	28 43 
301	28 58 
302	34 62 
303	8 75 
304	38 67 
305	56 61 
306	16 42 
307	24 45 
308	12 44 
309	46 56 
310	16 25 
311	43 53 
312	41 48 
313	68 76 
314	34 40 
315	63 77 
316	23 62 
317	61 75 
318	13 68 
319	20 23 
320	51 58 
321	34 42 
322	27 82 
323	37 73 
324	38 40 
325	68 69 
326	48 68 
327	48 50 
328	3 18 
329	21 55 
330	20 45 
331	21 60 
332	49 79 
333	5 43 
334	45 54 
335	60 80 
336	54 82 
337	15 43 
338	54 70 
339	21 53 
340	53 68 
341	7 53 
342	68 75 
343	45 58 
344	12 44 
345	42 64 
346	30 54 
347	14 28 
348	47 55 
349	24 55 
350	61 81 
351	24 57 
352	20 56 
353	38 69 
354	45 51 
355	34 43 
356	45 82 
357	35 62 
358	61 62 
359	54 67 
360	39 81 
361	12 80 
362	43 56 
363	4 81 
364	57 61 
365	15 69 
366	11 57 
367	12 62 
368	49 58 
369	12 53 
370	19 65 
371	5 49 
372	28 78 
373	62 70 
374	30 43 
375	11 79 
376	20 38 
377	12 40 
378	5 19 
379	27 38 
380	38 48 
381	18 74 
382	21 55 
383	34 58 
384	32 62 
385	39 40 
386	34 62 
387	54 82 
388	7 53 
389	2 64 
390	37 55 
391	3 23 
392	23 58 
393	10 62 
394	24 31 
395	45 57 
396	23 78 
397	62 68 
398	14 35 
399	57 63 
400	34 73 
401	77 82 
402	11 55 
403	6 56 
404	47 55 
405	1 76 
406	35 63 
407	33 81 
408	29 80 
409	27 43 
410	53 70 
411	66 70 
412	1 37 
413	33 41 
414	2 76 
415	60 67 
416	45 81 
417	10 60 
418	39 71 
419	27 61 
420	42 68 
421	57 80 
422	23 25 
423	49 54 
424	11 58 
425	38 57 
426	35 62 
427	62 77 
428	43 81 
429	23 56 
430	22 28 
431	55 59 
432	28 42 
433	7 58 
434	15 51 
435	18 26 
436	3 22 
437	9 18 
438	42 48 
439	34 57 
440	6 43 
441	20 39 
442	42 50 
443	7 66 
444	30 62 
445	17 40 
446	35 54 
447	61 82 
448	58 68 
449	28 81 
450	12 18 
451	40 54 
452	9 61 
453	39 80 
454	9 43 
455	32 38 
456	34 55 
457	18 43 
458	34 69 
459	18 31 
460	2 76 
461	13 43 
462	45 63 
463	39 68 
464	69 74 
465	67 70 
466	41 59 
467	32 79 
468	19 69 
469	27 62 
470	41 80 
471	43 58 
472	53 80 
473	23 71 
474	38 43 
475	14 23 
476	61 73 
477	16 51 
478	40 42 
479	5 8 
480	55 66 
481	32 41 
482	32 61 
483	49 55 
484	18 39 
485	23 50 
486	10 41 
487	46 63 
488	23 75 
489	7 14 
490	18 44 
491	32 63 
492	24 32 
493	53 55 
494	30 43 
495	20 54 
496	23 78 
497	4 40 
498	34 76 
499	2 24 
500	9 43 
501	8 30 
502	9 59 
503	53 60 
504	7 23 
505	31 50 
506	9 43 
507	14 54 
508	28 75 
509	17 68 
510	18 20 
511	53 54 
512	25 28 
513	63 75 
514	39 78 
515	62 78 
516	68 82 
517	54 81 
518	59 65 
519	54 81 
520	35 55 
521	62 74 
522	37 74 
523	44 54 
524	57 82 
525	21 82 
526	17 41 
527	56 68 
528	56 63 
529	62 69 
530	64 80 
531	63 75 
532	27 74 
533	10 38 
534	19 47 
535	26 67 
536	6 12 
537	23 69 
538	13 55 
539	40 81 
540	18 65 
541	9 39 
542	28 30 
543	33 41 
544	17 59 
545	50 57 
546	30 75 
547	7 23 
548	21 61 
549	59 64 
550	27 80 
551	28 74 
552	14 28 
553	19 76 
554	13 61 
555	30 65 
556	21 78 
557	68 76 
558	27 46 
559	28 74 
560	7 43 
561	58 59 
562	44 62 
563	38 80 
564	26 80 
565	6 44 
566	10 16 
567	23 49 
568	34 40 
569	20 33 
570	29 64 
571	67 68 
572	17 73 
573	37 41 
574	27 58 
575	47 58 
576	7 82 
577	47 83 
578	23 58 
579	38 69 
580	37 75 
581	58 77 
582	52 53 
583	24 82 
584	41 62 
585	3 63 
586	7 69 
587	7 24 
588	53 83 
589	43 76 
590	2 22 
591	23 74 
592	63 70 
593	23 41 
594	20 74 
595	27 38 
596	12 39 
597	38 58 
598	53 56 
599	9 79 
600	36 62 
601	16 29 
602	45 60 
603	8 34 
604	58 77 
605	28 43 
606	20 47 
607	63 75 
608	48 54 
609	2 53 
610	21 31 
611	52 74 
612	11 80 
613	29 69 
614	12 46 
615	43 80 
616	28 43 
617	3 73 
618	26 39 
619	18 34 
620	27 45 
621	4 66 
622	55 65 
623	26 34 
624	71 82 
625	19 45 
626	24 74 
627	35 66 
628	32 79 
629	56 62 
630	34 81 
631	23 57 
632	45 69 
633	39 78 
634	38 42 
635	39 49 
636	33 50 
637	28 63 
638	16 50 
639	1 69 
640	35 57 
641	58 81 
642	43 55 
643	12 39 
644	6 82 
645	28 74 
646	16 54 
647	9 18 
648	21 71 
649	5 63 
650	56 79 
651	29 68 
652	34 39 
653	2 68 
654	36 71 
655	42 45 
656	19 58 
657	21 67 
658	47 62 
659	25 54 
660	15 56 
661	7 44 
662	56 69 
663	26 69 
664	32 62 
665	58 63 
666	61 76 
667	34 35 
668	43 54 
669	61 73 
670	65 81 
671	28 43 
672	39 76 
673	30 82 
674	41 55 
675	35 61 
676	7 70 
677	9 22 
678	45 49 
679	44 69 
680	7 11 
681	9 64 
682	44 83 
683	11 81 
684	50 55 
685	20 45 
686	76 81 
687	18 30 
688	18 44 
689	61 83 
690	27 30 
691	16 46 
692	39 47 
693	27 38 
694	53 66 
695	28 54 
696	67 69 
697	57 80 
698	34 40 
699	8 35 
700	61 76 
701	23 53 
702	56 74 
703	23 66 
704	35 55 
705	31 43 
706	9 69 
707	59 62 
708	76 81 
709	22 61 
710	24 34 
711	25 46 
712	23 50 
713	32 81 
714	7 51 
715	25 59 
716	68 74 
717	44 66 
718	18 66 
719	30 49 
720	22 82 
721	41 71 
722	54 69 
723	28 69 
724	54 66 
725	18 61 
726	5 53 
727	69 81 
728	37 51 
729	18 34 
730	42 58 
731	30 74 
732	43 63 
733	31 56 
734	69 81 
735	59 76 
736	18 45 
737	50 51 
738	37 50 
739	34 57 
740	30 35 
741	39 49 
742	34 74 
743	9 59 
744	20 23 
745	28 44 
746	9 18 
747	13 74 
748	2 67 
749	43 50 
750	8 23 
751	32 62 
752	38 45 
753	36 74 
754	47 54 
755	15 74 
756	23 24 
757	41 75 
758	14 24 
759	30 62 
760	50 62 
761	28 42 
762	27 69 
763	13 63 
764	50 59 
765	47 74 
766	53 62 
767	61 68 
768	6 39 
769	65 66 
770	12 18 
771	27 63 
772	6 55 
773	57 61 
774	32 69 
775	5 63 
776	44 82 
777	62 74 
778	13 39 
779	32 61 
780	24 27 
781	38 74 
782	32 57 
783	45 57 
784	2 41 
785	6 34 
786	21 65 
787	81 82 
788	50 62 
789	45 57 
790	42 63 
791	20 72 
792	23 54 
793	50 80 
794	56 76 
795	24 82 
796	27 32 
797	25 57 
798	5 7 
799	35 58 
800	6 77 
801	55 61 
802	11 66 
803	14 34 
804	14 80 
805	38 39 
806	62 83 
807	19 68 
808	14 40 
809	15 55 
810	54 83 
811	49 70 
812	28 72 
813	6 68 
814	13 80 
815	54 66 
816	51 79 
817	36 76 
818	1 80 
819	69 81 
820	8 32 
821	28 40 
822	6 55 
823	53 62 
824	6 76 
825	28 32 
826	13 57 
827	23 79 
828	32 57 
829	80 82 
830	7 11 
831	24 38 
832	41 45 
833	44 53 
834	50 66 
835	30 54 
836	1 43 
837	59 63 
838	17 55 
839	54 79 
840	79 81 
841	37 69 
842	39 50 
843	29 55 
844	28 60 
845	44 48 
846	18 30 
847	7 68 
848	2 6 
849	18 23 
850	9 38 
851	18 50 
852	24 50 
853	9 35 
854	36 39 
855	25 69 
856	17 53 
857	13 63 
858	9 63 
859	54 77 
860	51 74 
861	28 48 
862	57 81 
863	35 76 
864	58 62 
865	56 72 
866	4 80 
867	57 76 
868	28 50 
869	27 50 
870	9 77 
871	15 53 
872	16 68 
873	16 83 
874	50 63 
875	4 47 
876	29 43 
877	63 82 
878	18 39 
879	4 32 
880	54 80 
881	2 21 
882	24 54 
883	4 80 
884	7 79 
885	42 63 
886	28 69 
887	40 82 
888	17 55 
889	24 53 
890	52 54 
891	64 83 
892	65 79 
893	67 82 
894	24 31 
895	37 57 
896	40 43 
897	2 54 
898	11 63 
899	28 78 
900	29 45 
901	36 69 
902	27 48 
903	17 74 
904	53 54 
905	55 64 
906	20 77 
907	28 46 
908	25 34 
909	43 55 
910	14 48 
911	38 70 
912	43 82 
913	48 66 
914	9 36 
915	9 83 
916	41 50 
917	20 80 
918	12 30 
919	8 69 
920	52 65 
921	18 65 
922	20 62 
923	17 66 
924	28 66 
925	61 77 
926	25 68 
927	75 81 
928	23 62 
929	11 18 
930	13 68 
931	74 76 
932	9 65 
933	7 48 
934	1 68 
935	27 63 
936	54 75 
937	19 45 
938	2 73 
939	34 35 
940	28 40 
941	35 79 
942	60 83 
943	28 83 
944	63 81 
945	45 63 
946	32 45 
947	57 66 
948	57 69 
949	24 79 
950	47 74 
951	46 76 
952	63 79 
953	3 24 
954	12 80 
955	27 29 
956	11 16 
957	13 30 
958	77 80 
959	39 44 
960	56 82 
961	46 82 
962	7 68 
963	5 58 
964	9 62 
965	2 55 
966	77 79 
967	15 23 
968	45 69 
969	24 59 
970	28 42 
971	21 83 
972	22 53 
973	23 40 
974	2 39 
975	9 18 
976	17 23 
977	7 68 
978	56 82 
979	9 12 
980	36 82 
981	40 55 
982	48 79 
983	33 81 
984	24 69 
985	18 76 
986	9 55 
987	56 57 
988	66 81 
989	43 80 
990	9 61 
991	18 79 
992	24 54 
993	18 34 
994	68 69 
995	43 50 
996	56 62 
997	46 57 
998	1 57 
999	3 55 
1000	62 82 
